2720
7644
6224
7522
4024
9853
3832
6701
8372
9018
8751
21
8911
8144
2220
968
8694
5827
3529
1858
2338
7284
8137
7737
4004
6796
1453
7925
977
5404
2258
5613
8498
5843
3386
5224
7345
1171
3323
490
9233
5441
2379
8257
3902
2137
6906
602
7499
5109
7334
6415
6943
7092
1411
8442
3248
5970
6148
4953
5894
6134
8940
319
3378
6636
1644
4578
1536
1488
4018
7928
9738
8810
9203
5413
5534
8359
3793
4868
4813
1490
9325
2504
4923
5155
1978
1439
477
2024
476
791
3515
9942
491
9137
6482
6825
2481
7131
7771
8332
3035
2033
5124
4111
8269
1283
4611
401
1928
1277
7621
2352
8056
1512
6081
1405
1583
5200
7875
5849
98
3359
4772
9625
5293
8061
6574
1554
1721
5705
9316
8952
1141
2446
8526
2171
9665
8855
6689
898
4450
1033
8859
9387
7993
6559
579
6038
4906
7800
3505
3555
4905
2925
8313
7670
8440
2410
3803
5784
2000
877
2228
5850
7293
5976
2375
8293
4456
3974
9496
5932
9307
8921
626
9239
9525
17
268
1446
5960
8800
2778
5172
7992
8489
8669
3920
2679
1615
6262
8092
1127
518
157
4742
5152
4836
8622
7999
2055
8695
953
7148
6363
1108
3806
3810
838
9022
9670
279
5421
6185
4095
7252
1009
962
9603
3539
3759
3748
1973
7041
7485
741
6631
2758
5720
8002
7664
5945
58
1938
7141
7333
4158
3090
906
5327
5618
6647
9191
9898
8862
8738
5941
6851
792
2695
9652
6031
616
6139
8588
2351
768
6837
86
5022
537
9332
3915
5695
9746
1195
7591
6464
6269
6444
9142
6688
848
1343
318
6069
6046
3756
8710
1629
4852
7622
2135
2988
6157
1540
8653
4003
511
9537
6528
5975
3220
4437
3546
9546
2959
1069
1172
6900
9063
935
3405
1713
6954
7543
257
6967
7620
1044
2683
9964
4743
9502
6007
4524
9688
370
3365
6127
8566
4262
6265
9998
1300
8456
6431
5344
9297
4311
7118
3964
7888
1015
8364
9416
2453
2673
9196
3940
5712
2234
7324
5437
1604
4429
7796
6888
8252
6520
5111
9926
3688
2116
6667
3432
3610
297
5635
4167
4939
954
8300
6434
2589
6597
9808
7440
74
6279
9232
1678
7757
7885
6526
6814
6890
5134
305
1967
5835
361
115
927
955
2387
3888
3435
5901
5069
4420
5768
1910
7268
7199
9369
5423
3416
1920
1519
1049
2492
8426
6395
4138
2409
9858
1252
3433
5979
7880
4096
9818
4300
9160
8509
4185
4439
4683
3051
9197
575
885
9489
7110
1549
7506
4892
7517
737
8360
4670
5456
4183
5796
6211
9949
2654
2879
8799
3082
3172
747
1693
8041
9389
8275
7140
1436
1683
6000
6843
7918
1926
9495
3177
686
1566
6366
4753
7749
8760
4482
3165
2440
4869
7448
2205
8066
9711
4831
7346
7125
2001
4181
5185
9897
5670
5078
5656
8484
9003
5477
4345
1027
396
148
1220
2658
1016
4403
9271
6382
6958
1010
5698
3406
2931
3695
1279
7991
5322
5532
9524
4918
1070
5586
9888
2428
8117
5833
8283
8454
4057
2851
9722
7876
3097
529
5559
1977
8877
8631
5296
4408
4105
8254
6521
9592
8613
2907
4409
8149
7203
8076
1609
4659
9395
5171
1739
4109
4536
5664
3086
1574
374
5918
8224
4505
7331
1190
9417
9158
4216
3095
3769
1482
7707
973
9117
1850
5727
4614
3476
4851
530
2678
9986
1746
2032
1462
8408
6270
4859
3598
9024
5722
311
4835
9760
3603
8893
3819
8971
840
4639
309
5980
1594
7223
4257
1631
6853
8678
5934
7615
195
1661
4140
2622
1648
7911
4481
8558
3201
3739
8920
8386
2100
7019
3251
2120
8304
7952
198
5283
245
889
34
824
5736
6243
852
6861
5268
4339
1206
3155
7820
9566
7609
4694
9702
788
5492
6042
6296
842
8886
31
7958
9051
4662
9583
9685
9359
6649
9323
8939
3704
3893
9382
566
8912
2423
7270
8444
4103
3418
4034
4020
4942
1442
4253
497
1408
8707
3317
4200
6033
9683
2088
2478
1568
3840
5580
9341
6928
9838
2520
1854
8556
7703
210
1065
6380
1707
8506
8491
5066
3907
1817
354
3578
9737
9861
2672
3544
9929
5493
2822
5910
8521
6568
6347
6284
6238
2877
7775
2489
152
3024
296
1690
850
6580
1501
8494
6252
3481
8795
7950
379
9616
1558
8365
4282
4379
593
7175
6769
2860
327
9296
8110
9677
2519
1118
5691
5380
1768
6466
5544
2713
8159
8393
6456
2807
8376
3586
4551
4204
6340
658
2650
8529
3345
5799
6169
357
5355
8902
6911
9761
5243
6733
6020
6867
4584
9609
8262
3394
9712
8776
385
6301
9500
6637
1265
5878
4816
9983
5317
3028
1146
5852
5824
8468
3886
7133
6202
1258
8383
1189
7316
9848
5358
5988
653
6320
5685
4274
8904
3176
5787
7311
9822
2675
5320
1591
6859
3002
2645
9965
8086
1626
1492
9247
6855
384
1368
585
4844
6925
6073
9152
2407
3691
5480
5023
6652
3346
6543
1287
8731
8239
3382
6728
9823
1940
2304
9798
2448
4336
6659
3632
2551
5524
2418
1676
2497
436
186
2015
5158
6332
4622
6847
9243
547
8727
1994
5011
8732
1230
3589
5977
4820
5830
9153
7768
5676
6918
2875
2125
3124
7462
1395
1103
1346
2445
3340
7643
7157
6817
2059
3722
2441
9361
3109
4211
333
1722
7197
4100
6815
6745
473
5693
7375
2332
1233
4709
5760
255
3492
1061
592
8217
1423
1728
9351
7748
5183
947
2034
2751
6165
4936
7437
6681
864
9295
1670
4260
5552
9313
3186
875
1599
3989
1686
5230
1837
997
2484
2366
437
2494
3988
4331
3240
8787
6957
2191
1255
272
5891
4509
1344
6579
5018
2885
4720
2725
1596
7943
8496
7392
5491
7074
5706
1012
4734
1625
6293
5823
3955
2267
1409
1694
3305
5202
3458
7450
3038
9510
1341
331
2253
7972
8194
8885
8124
7989
5031
7454
4834
5160
185
3118
8508
9569
3215
3358
9675
1756
8673
5116
1991
2906
972
7944
8603
8822
7895
1988
1393
1038
7879
4186
4139
8466
6299
558
2090
3547
3822
7682
4466
7713
9862
207
4087
5545
4716
3891
5260
3026
2924
4344
367
7970
7930
4255
5266
4789
8844
1053
3339
9049
4549
643
2559
4112
6022
8184
1711
9353
1909
9106
7231
4609
164
8368
9902
1143
3768
7002
3300
2376
714
1500
5014
8611
4636
1685
8896
1430
2419
6451
7633
8495
1657
2558
7373
7162
6004
2022
6555
5359
183
5099
5133
3729
6070
7549
9921
3924
4007
3442
1433
6625
5877
8733
4657
8492
4663
1650
1426
6167
8437
8071
2149
8204
5063
6539
84
2813
6473
4866
5379
826
7981
6420
5449
3715
8961
9602
1467
8576
1636
1106
2062
1041
8050
7202
6740
8538
8867
8726
6047
7111
7177
3625
7426
9270
2175
5368
9940
6370
6842
660
5888
3311
2406
9917
9349
6082
606
6385
7381
753
3859
2835
8580
323
459
3736
9570
6755
4120
7075
5315
8077
9330
8266
2919
9429
4063
5966
3927
4796
3629
3536
1646
7436
7654
1542
909
2761
3218
2023
6029
4373
2156
417
590
6027
7896
1276
6013
6869
179
6819
133
5002
4293
9857
9055
2620
6646
3341
3112
2610
5117
1869
1622
3091
3044
9303
5198
7795
9490
5422
3182
3453
6685
9713
4715
8152
5005
6393
8943
1285
7196
8238
5040
4453
203
7914
3200
162
2844
339
2667
5728
4922
4618
4975
1502
6056
6432
4224
1757
8685
1088
7292
800
6121
3730
7524
2251
9754
8480
2413
6008
6773
462
7393
1403
1719
7684
5715
2677
9091
8481
3249
3369
9776
8597
7870
1208
7575
5840
3595
7966
9291
455
3260
9004
9542
7227
3800
6170
6132
9913
4327
8528
6441
6030
6716
343
5956
3781
6248
8090
4249
2646
7599
8539
6271
9078
7472
9494
5500
38
3813
1303
9750
4839
7221
2181
7532
1055
3755
2
9797
4858
3913
1364
6862
1790
2932
1643
4995
6624
1805
1771
996
5942
4325
8433
9839
9208
2633
8129
110
683
5217
355
482
5010
5139
3246
4270
5347
2123
1845
2433
6544
1008
7534
1332
3708
8478
9579
5667
7597
9118
7961
1735
956
9356
5091
5641
7001
9958
1691
2731
8103
1515
8315
1334
7801
4242
6805
1620
6564
2261
7548
629
1627
8818
6592
5762
8873
7696
7116
5982
8657
1729
9190
7841
244
3498
4977
3976
5560
1449
8352
3343
4711
3142
8405
5038
5535
5039
2690
745
3410
1026
3576
190
8643
6912
1005
1477
3540
526
7383
3743
3938
8379
778
1853
4530
7134
8954
2873
147
9563
1159
5471
7267
377
336
9939
5159
1794
5444
9941
6096
3163
8467
7931
5488
9944
8714
8728
609
7107
8182
7745
5469
4500
5273
9409
8652
3528
4564
6586
9954
7016
3682
7307
6551
539
2511
2121
2102
8211
1235
9843
8974
5543
5410
7232
8711
7584
7725
7577
528
3210
1226
1489
2087
4650
3673
8541
2726
7666
2569
9183
6084
6189
4099
1995
4729
5721
2199
9647
6375
8324
5162
2364
2444
1448
7271
3314
4209
5114
812
29
9067
2138
5661
3969
9061
3690
5923
7811
3850
6089
6024
4856
4909
6398
8894
9794
1297
4545
7982
1842
3041
7015
6540
3123
6230
5062
9789
6490
6223
9248
9318
5828
7240
7431
1491
9785
3100
5639
1161
7260
5073
9431
6078
6323
5927
1154
6752
9690
7617
9342
687
5972
5165
2926
2151
8899
4217
3808
5143
1799
5140
4414
9103
8573
5271
6396
6936
7750
2708
4061
4076
8976
7283
8053
5356
9320
3327
1525
4531
5457
3113
3181
7829
9115
7064
3154
1964
5864
2660
2564
2587
8628
3133
7953
9430
4661
7465
7557
4421
108
3931
6035
823
4676
7043
6696
9686
3441
1043
4646
6719
3763
4067
8907
7046
3838
5411
2218
3990
4506
2971
4596
6228
8029
8504
2311
30
9693
8079
5596
68
1791
191
4079
6601
4371
2165
4163
6446
8392
5929
1229
1474
9340
2760
9959
5311
3298
8114
767
4008
4668
2791
3680
9826
5747
7425
6328
3301
981
7669
6767
2573
42
7201
9287
1681
2106
9886
4051
3870
4541
6101
3633
8142
8035
6136
4598
4588
9436
1708
3067
3549
8414
2539
3138
6824
8158
2241
5177
6785
7865
9410
7742
3591
7378
8374
4337
3425
5331
7901
3696
9867
4529
8761
4867
3992
5516
1193
6145
9999
9700
1914
1649
44
4449
9919
9511
9984
5615
2980
8367
1326
9308
920
1478
9801
2047
8674
302
7739
7578
8384
9963
7858
4136
8130
25
2229
6682
2984
3470
3828
9281
1152
618
4762
265
7463
3987
2703
2657
8453
8256
1097
7428
4488
1919
9543
5279
5808
9161
6665
6937
510
1013
836
2077
3689
7596
1286
2526
2529
3093
9617
2235
1471
6417
1094
2985
1243
8458
6433
1776
8825
216
1640
87
6353
1655
9928
9882
3021
4210
8930
3454
1814
1100
8620
3309
8085
3070
7176
488
1750
1246
2097
4405
8229
7357
9035
8591
8330
4833
1389
6663
200
9380
3943
8942
9120
5816
6774
1410
4218
742
3183
3910
7996
1651
1561
979
931
3045
851
5472
1025
4349
4570
1390
5931
4415
8625
1457
4328
9423
8792
7799
6570
1145
6722
7550
2388
1017
3563
314
4474
1684
5788
4165
5249
4799
754
4428
1730
3626
808
9865
7298
2917
9348
1597
7224
8463
8116
7551
9089
2326
1057
675
2095
2655
9101
6709
904
3424
5371
1463
6302
5236
3500
421
546
584
9452
4462
2103
1996
2353
6549
8419
4601
7364
8935
7099
3687
9484
2930
55
4174
4454
366
9749
6065
5860
1605
502
6051
9753
2861
6026
5561
2567
6704
4175
3508
2291
5568
1974
6233
2226
2729
1516
6175
9375
8470
8091
8959
4117
6654
7954
5990
2262
3417
1209
4582
7784
6362
3986
2612
2663
8446
8888
7900
6727
5742
9394
141
8783
4516
5233
7971
6039
8655
5943
7087
5610
118
5207
9305
5546
1899
3775
3815
6643
9833
7974
695
3073
7804
7213
2118
8835
6741
5061
1384
7244
990
9090
2372
196
6813
315
588
6454
4397
3979
4810
1731
1465
2825
8341
6600
2208
5419
4968
7518
8472
561
52
3438
8261
1497
9775
3816
2993
2068
5892
5704
4022
4660
4036
3293
7948
4766
4110
1048
5076
3774
6846
4161
8737
9457
9100
359
5123
7678
3788
2122
3462
6566
3844
3456
172
4268
5748
9816
7778
8033
9427
2416
2940
1431
7605
3727
9472
4533
6259
6542
1581
8637
3259
2216
8957
2534
3329
4075
8210
725
5643
4855
5952
7230
3601
8475
3721
6515
3126
5420
1891
9564
2913
9779
2286
5793
4250
3959
7947
6560
1821
5959
6220
5509
2902
645
8621
3079
5678
7816
923
4144
2831
2085
2891
507
388
5774
8519
3919
9781
3408
6708
7222
5095
4794
2996
2994
469
5034
2071
4626
9834
8445
810
8712
1823
8998
1777
1192
755
9346
3646
6884
865
2316
1245
3111
5386
7613
253
5743
48
2722
7060
2945
2739
4438
6012
8167
2113
171
5028
7145
7574
3975
4402
5521
7265
3373
3972
2702
5168
8276
9613
635
7420
347
8554
9552
1459
4317
8215
1002
1115
2752
6452
9202
6418
2606
8007
2201
9234
3847
2184
4629
7793
6377
5939
9491
7238
9682
3379
3521
6092
2827
4802
2498
7881
1585
7803
867
7242
1813
9870
1989
3234
8203
8593
7117
2487
1673
2570
2522
7580
4583
4589
5149
4354
4640
9043
1045
9132
2344
9574
5072
3025
1151
6387
498
8347
8956
4970
368
921
4817
5978
1747
7934
9811
5523
2206
378
7955
3668
8227
2820
4971
24
1590
3486
1498
6090
8164
7256
7411
7011
7476
8809
5334
4612
4464
8178
2523
3413
2602
4118
7727
5814
9896
4471
7068
3582
1072
5338
9412
2538
2661
3243
9799
97
4490
2546
2078
5284
8883
251
8428
5454
412
8548
2789
5128
4239
4605
7926
1948
9007
5741
9889
1019
2881
3213
2575
3042
6505
5510
6480
4792
6307
5963
586
2785
4363
5012
1930
5829
8563
8390
4435
6249
5619
1400
9768
5148
2957
2979
8055
2371
9553
5267
8847
5426
493
5981
7412
8296
3812
577
1695
8634
8990
1529
998
9198
2801
2845
3503
6948
5199
5803
3108
6448
9914
5478
32
3991
6514
3720
2972
8839
965
213
1089
4353
6838
177
5054
5077
7073
9512
9211
7372
2892
3080
2783
5323
1917
8139
7397
9732
8610
8109
8878
9812
2958
4983
6535
8972
780
7031
7665
879
815
5427
8586
9849
2430
7709
211
2780
8111
4580
2998
1580
1831
3858
9507
4747
7893
1856
7336
9015
1357
3159
5662
8606
1509
9390
598
3412
3448
2028
116
5174
9869
7734
4501
8938
6256
1377
6984
8125
6723
6331
3102
3672
5505
4489
6871
4434
293
5389
9094
9951
9528
2563
9041
8570
2302
793
571
7705
2561
4845
4724
548
8914
9451
1888
4016
9072
8455
335
78
3125
8058
106
5954
2590
8666
4031
8232
8924
7401
7194
5138
5964
8552
4359
7410
6753
2146
8417
5658
3548
8301
7149
7261
8993
8049
8936
301
6997
2369
5462
7366
2060
3631
1312
3450
5725
2345
7503
5542
4201
6086
4472
8075
6200
4826
2777
428
894
5868
8933
3497
380
3193
4184
7544
7822
4407
284
7541
5810
6174
6400
3069
9169
6828
9487
3036
6932
324
847
595
1795
5946
1503
2607
5006
1353
958
6336
6190
1999
4285
3411
1548
6797
2081
1555
2682
5502
6698
1843
9980
5551
9186
7959
8756
7667
3837
7310
5216
4298
3490
2405
6043
1890
121
2153
939
7363
5855
5024
6576
1895
5167
5530
8420
3895
9906
8462
7132
4341
5673
2005
6690
5503
612
2943
5858
5125
2826
4887
2042
5737
6356
1606
8240
2629
8181
6045
4624
2257
8298
5263
9739
5209
2209
6605
7807
6775
9883
5909
1662
5212
4902
1894
6845
4275
7797
4769
4050
9019
111
2505
4248
8040
1680
6309
7094
2614
6390
3362
2312
4342
1355
9032
6222
941
7723
8369
4229
9595
8088
787
6152
129
2854
8630
3335
9109
3600
556
457
4767
3885
9991
4972
9618
6117
9336
627
9357
4692
3198
5696
1194
8977
3175
9045
7770
2473
6044
1392
4941
563
5387
2846
2706
568
2083
2723
2593
9185
1635
8514
2815
5169
2499
8128
9461
4822
3322
7878
1634
3261
7781
4234
4848
630
9425
23
7467
5812
1324
124
4916
9112
3132
4912
3135
4048
3496
7677
8143
4631
8307
7300
5554
4026
2828
8082
4133
2997
811
1182
1234
8745
2684
6590
373
4544
1897
4641
2728
576
5525
9181
9499
3278
8057
4654
4955
9086
8763
6980
4192
7314
4512
7296
6801
1251
5192
8051
3983
153
6778
5450
8697
290
4135
9747
5445
7923
1724
1954
9539
4860
6068
3941
7845
3507
3613
2839
1067
9384
4704
2282
4567
680
7253
3956
1473
3561
816
7356
9859
6050
8443
5403
4889
2724
1936
3469
3694
4964
5593
9127
8325
4142
6264
8854
8703
6187
9124
6513
277
2550
5009
1460
2045
2923
9601
7671
9245
678
2812
3703
6137
4329
2715
9277
7519
9262
5953
4294
8154
73
662
7095
3878
2330
6153
2578
8278
6978
5094
426
7902
1666
2007
9469
1200
1064
8542
8864
6563
7163
8155
1144
3318
9177
9497
1441
9714
3415
2381
5112
5962
4678
3371
184
9673
5921
4842
270
552
5782
70
6780
8755
5000
3675
8387
9969
6810
2623
817
2848
7406
8198
234
9021
6823
9793
1688
2395
3245
5405
5145
3516
2895
2531
2642
5609
2314
8411
2177
3678
1217
8687
2110
7266
8806
849
9971
3367
9623
353
535
5153
6495
4649
591
1412
2696
9994
666
140
6756
2025
3162
5738
1700
5057
9803
4510
6777
4406
6219
8004
3596
9366
4271
320
1532
8515
6231
7158
2889
9908
2142
4558
3761
7190
4172
9069
360
5501
2518
5474
5564
8
9545
3577
2953
8311
4152
8459
9656
2870
4825
4815
667
3545
9733
9809
9784
2207
6854
4321
5049
5765
3611
9978
3264
4703
1487
7806
614
9640
